0.000000	0.223622	0.248157	0.333460	0.331179	0.327359	0.332361	0.255270	0.317250	0.331834	0.312408	0.344144	0.317717	0.329467	0.331084	0.327647	0.305385	0.331984	0.329276	0.233050	0.265270	0.266070	0.281566	0.288510	0.241345	0.248761	0.234022	0.255353	0.250317	0.314519	0.327586	0.325463	0.327135	0.321292	0.328732	0.316064	0.331680	0.324677	0.330498	0.327680	0.234940	0.238852	0.248397	0.203957	0.237595	0.329538	0.320851	0.334510	0.325501	0.318331	0.333494	0.331706	0.220553	0.335338	0.334036	0.328332	0.332957	0.326560	0.327861	0.334354	0.337746	0.331825	0.330756	0.327969	0.331823	0.330053	0.340283	0.338099	0.331259	0.342564	0.325012	0.333118	0.324984	0.329053	0.317484	0.337967	0.335323	0.327042	0.327825	0.328885	0.334785	0.343483	0.330413	
0.223622	0.000000	0.215686	0.344252	0.338926	0.342635	0.352479	0.233272	0.328918	0.341459	0.310624	0.351161	0.330252	0.345710	0.329510	0.331704	0.315732	0.329016	0.349509	0.249365	0.271364	0.265280	0.269252	0.292308	0.227442	0.248780	0.258177	0.301579	0.242724	0.320794	0.332458	0.322766	0.333456	0.337865	0.331942	0.331433	0.348117	0.337218	0.324803	0.335569	0.216614	0.188756	0.273008	0.175521	0.181256	0.338598	0.328410	0.336737	0.336268	0.328436	0.334854	0.329654	0.169421	0.330641	0.347227	0.340814	0.353027	0.329017	0.341746	0.343876	0.342623	0.348518	0.334126	0.336804	0.337922	0.341258	0.347056	0.344359	0.342081	0.334604	0.329836	0.334615	0.332233	0.343256	0.333710	0.345514	0.340529	0.331303	0.332135	0.331050	0.342403	0.348001	0.346939	
0.248157	0.215686	0.000000	0.330877	0.333167	0.335641	0.339393	0.226502	0.313524	0.336180	0.317892	0.334920	0.327824	0.325014	0.329241	0.326821	0.314893	0.326559	0.339814	0.236977	0.263842	0.252480	0.264895	0.289161	0.241510	0.249238	0.255298	0.293323	0.245472	0.318712	0.318869	0.319566	0.325544	0.328203	0.331348	0.326137	0.335847	0.329995	0.335076	0.331514	0.206315	0.195602	0.267010	0.208212	0.208880	0.339174	0.327286	0.332743	0.329016	0.319960	0.325375	0.330976	0.214251	0.332935	0.336806	0.334081	0.336630	0.326811	0.331973	0.337542	0.337719	0.332955	0.328100	0.336242	0.329324	0.336193	0.335240	0.334256	0.335096	0.332261	0.319054	0.332037	0.326208	0.331351	0.325176	0.332929	0.332057	0.335458	0.333839	0.324603	0.329773	0.340233	0.332747	
0.333460	0.344252	0.330877	0.000000	0.271741	0.232190	0.241528	0.339205	0.318426	0.255823	0.322104	0.268464	0.325746	0.329808	0.320172	0.315515	0.315878	0.315168	0.324309	0.322158	0.332277	0.327866	0.324804	0.331099	0.341675	0.323080	0.338945	0.334265	0.327902	0.312043	0.319830	0.310929	0.327745	0.318512	0.319463	0.277360	0.248933	0.250093	0.327678	0.239918	0.337205	0.338954	0.336828	0.344185	0.335724	0.319880	0.311884	0.319723	0.323447	0.308118	0.325838	0.320766	0.342841	0.316440	0.331318	0.328250	0.331954	0.322120	0.328915	0.329889	0.320402	0.331451	0.330081	0.329273	0.330382	0.333772	0.327707	0.332578	0.327875	0.331716	0.311656	0.312794	0.323936	0.328233	0.326614	0.334466	0.333462	0.326697	0.316267	0.325044	0.239903	0.330642	0.255650	
0.331179	0.338926	0.333167	0.271741	0.000000	0.256808	0.272345	0.334998	0.318099	0.274519	0.314742	0.267834	0.316498	0.312230	0.324988	0.318829	0.320868	0.311509	0.328298	0.326238	0.321824	0.324723	0.326311	0.326617	0.334162	0.332425	0.333001	0.333226	0.331900	0.312865	0.315658	0.311053	0.314332	0.320724	0.318920	0.173275	0.281070	0.276206	0.327763	0.253357	0.336616	0.343163	0.334514	0.335171	0.341511	0.324976	0.318463	0.322067	0.323707	0.310811	0.323198	0.323137	0.336589	0.330732	0.327872	0.323671	0.316710	0.311863	0.327581	0.336077	0.326294	0.336517	0.330641	0.327375	0.325988	0.330751	0.329421	0.325468	0.329169	0.328246	0.320200	0.329720	0.333279	0.335039	0.328028	0.325598	0.319654	0.323813	0.318552	0.329039	0.252776	0.334247	0.266188	
0.327359	0.342635	0.335641	0.232190	0.256808	0.000000	0.229469	0.335545	0.327249	0.239834	0.316729	0.252191	0.326094	0.317127	0.311928	0.317711	0.318526	0.325183	0.323116	0.329965	0.313020	0.332375	0.330714	0.331813	0.335192	0.329284	0.333882	0.332533	0.334390	0.311399	0.306409	0.308133	0.315179	0.314195	0.313860	0.256078	0.257607	0.246635	0.327833	0.245581	0.342221	0.339567	0.337558	0.339199	0.338947	0.317229	0.315184	0.321417	0.307758	0.314903	0.320597	0.318668	0.343933	0.333576	0.324311	0.317443	0.325233	0.322383	0.338033	0.325604	0.320720	0.321394	0.330066	0.338583	0.329777	0.329578	0.337124	0.325061	0.323070	0.324320	0.325000	0.330380	0.318241	0.325169	0.337002	0.320021	0.332783	0.324131	0.314622	0.325480	0.227907	0.328351	0.254520	
0.332361	0.352479	0.339393	0.241528	0.272345	0.229469	0.000000	0.341826	0.326055	0.264710	0.318818	0.242444	0.325012	0.318912	0.320402	0.317856	0.317350	0.322195	0.329942	0.327990	0.323957	0.326145	0.328741	0.338825	0.341030	0.329948	0.334363	0.334272	0.334831	0.318189	0.313846	0.311740	0.315931	0.324590	0.323520	0.265937	0.253973	0.260502	0.334711	0.234351	0.346665	0.340138	0.341341	0.338180	0.339984	0.315073	0.326606	0.320796	0.325135	0.315435	0.319009	0.324462	0.343011	0.339260	0.331113	0.326575	0.331651	0.313426	0.333175	0.332389	0.322913	0.338282	0.336640	0.337262	0.332489	0.330764	0.333546	0.329311	0.325843	0.329423	0.325536	0.325922	0.322857	0.334461	0.338404	0.332075	0.340633	0.321054	0.328254	0.331901	0.220238	0.333176	0.241080	
0.255270	0.233272	0.226502	0.339205	0.334998	0.335545	0.341826	0.000000	0.317592	0.342459	0.323158	0.341753	0.323226	0.325489	0.331926	0.326360	0.321882	0.339127	0.336616	0.253881	0.272727	0.238019	0.257106	0.288747	0.237596	0.247748	0.243721	0.287490	0.255795	0.322765	0.327644	0.320963	0.330888	0.335374	0.332255	0.336505	0.345106	0.336685	0.336298	0.336130	0.207944	0.228444	0.262793	0.227973	0.241289	0.345874	0.323497	0.336784	0.339725	0.334936	0.327226	0.336052	0.237738	0.336615	0.344602	0.346482	0.348130	0.339948	0.346664	0.347091	0.340386	0.342350	0.343852	0.349611	0.345232	0.344177	0.350912	0.347769	0.346433	0.336293	0.335879	0.338161	0.338250	0.333665	0.339117	0.351000	0.349908	0.330217	0.334011	0.333673	0.335285	0.344049	0.342114	
0.317250	0.328918	0.313524	0.318426	0.318099	0.327249	0.326055	0.317592	0.000000	0.326319	0.307344	0.325619	0.305772	0.316021	0.311420	0.307193	0.293881	0.314669	0.321207	0.319489	0.302004	0.314367	0.302266	0.317787	0.323002	0.313423	0.318400	0.313067	0.313002	0.296528	0.306079	0.297416	0.312710	0.296808	0.304029	0.313126	0.320235	0.322792	0.328545	0.315053	0.313821	0.318522	0.313916	0.318167	0.315832	0.315463	0.311396	0.314505	0.302432	0.306916	0.314833	0.314063	0.328814	0.321805	0.329302	0.319835	0.322870	0.306694	0.328973	0.325693	0.329957	0.324554	0.322828	0.322148	0.317018	0.326181	0.330262	0.315433	0.326667	0.313585	0.318365	0.319769	0.311835	0.332459	0.318499	0.321951	0.322761	0.313751	0.315055	0.317999	0.313440	0.326504	0.320710	
0.331834	0.341459	0.336180	0.255823	0.274519	0.239834	0.264710	0.342459	0.326319	0.000000	0.313482	0.234537	0.326647	0.330805	0.317596	0.325793	0.322485	0.322171	0.328545	0.331885	0.325405	0.324120	0.326932	0.336912	0.339075	0.328602	0.336446	0.335188	0.333946	0.314773	0.307815	0.308824	0.322058	0.321159	0.321677	0.276786	0.252812	0.269785	0.336733	0.239772	0.340550	0.335766	0.335555	0.333541	0.341418	0.318708	0.325455	0.326572	0.321090	0.312322	0.320565	0.330416	0.340486	0.329983	0.324612	0.329892	0.325643	0.330478	0.329257	0.323319	0.328645	0.332970	0.332919	0.336280	0.331248	0.328147	0.337414	0.334118	0.336004	0.329728	0.321202	0.328663	0.323930	0.335349	0.338989	0.328681	0.333280	0.324490	0.332021	0.335788	0.237380	0.338555	0.239963	
0.312408	0.310624	0.317892	0.322104	0.314742	0.316729	0.318818	0.323158	0.307344	0.313482	0.000000	0.320377	0.304259	0.313668	0.295766	0.308702	0.309855	0.310063	0.323456	0.313228	0.304525	0.318580	0.315533	0.323268	0.321839	0.321283	0.316950	0.317440	0.313025	0.302477	0.305610	0.296990	0.307936	0.296059	0.303577	0.314131	0.315328	0.312746	0.320102	0.311747	0.325432	0.320509	0.321372	0.321214	0.321972	0.301269	0.308157	0.304252	0.291308	0.295261	0.308092	0.305249	0.318615	0.307841	0.313502	0.322913	0.319078	0.307838	0.316701	0.321023	0.313485	0.325596	0.314835	0.311164	0.316357	0.311938	0.320592	0.320407	0.322238	0.315204	0.304742	0.316546	0.320368	0.318644	0.315798	0.328786	0.322078	0.304729	0.307039	0.307488	0.310491	0.312746	0.314517	
0.344144	0.351161	0.334920	0.268464	0.267834	0.252191	0.242444	0.341753	0.325619	0.234537	0.320377	0.000000	0.319484	0.323139	0.323688	0.321092	0.325821	0.326476	0.329088	0.329590	0.319005	0.325943	0.326605	0.331363	0.345936	0.337734	0.346267	0.334016	0.336868	0.323193	0.313230	0.315603	0.310547	0.318403	0.328504	0.270374	0.252197	0.256346	0.330292	0.242989	0.348219	0.342797	0.334651	0.344466	0.345510	0.320170	0.325478	0.323344	0.317447	0.319794	0.321231	0.324342	0.344684	0.338458	0.330244	0.335584	0.334128	0.320051	0.339779	0.338200	0.333147	0.336881	0.344538	0.347730	0.341145	0.332012	0.342564	0.332694	0.335272	0.327662	0.328910	0.336190	0.332002	0.335008	0.333004	0.335348	0.333931	0.324117	0.326503	0.323686	0.246800	0.330751	0.246562	
0.317717	0.330252	0.327824	0.325746	0.316498	0.326094	0.325012	0.323226	0.305772	0.326647	0.304259	0.319484	0.000000	0.292371	0.278225	0.198597	0.304247	0.316550	0.315490	0.319313	0.320197	0.328464	0.315952	0.322900	0.333068	0.318119	0.326969	0.319211	0.324180	0.298991	0.310955	0.300897	0.281439	0.283589	0.315035	0.319562	0.324004	0.324094	0.329238	0.321950	0.326717	0.325059	0.323448	0.324576	0.324080	0.293502	0.281283	0.295514	0.295560	0.279572	0.298751	0.285346	0.328647	0.321105	0.332761	0.323566	0.315479	0.319628	0.326773	0.323821	0.328418	0.325466	0.319132	0.328077	0.323635	0.323270	0.319142	0.323750	0.320590	0.323575	0.322664	0.311394	0.318431	0.318802	0.323837	0.334125	0.330302	0.265389	0.296193	0.272491	0.323734	0.301112	0.321292	
0.329467	0.345710	0.325014	0.329808	0.312230	0.317127	0.318912	0.325489	0.316021	0.330805	0.313668	0.323139	0.292371	0.000000	0.278431	0.297956	0.303717	0.320516	0.326596	0.320355	0.325460	0.321608	0.318880	0.322711	0.334772	0.332554	0.327577	0.328533	0.323178	0.322323	0.322569	0.311715	0.279082	0.284279	0.323895	0.321749	0.315135	0.315694	0.334363	0.315165	0.334806	0.333944	0.322464	0.333576	0.326769	0.291001	0.257596	0.281515	0.285109	0.292562	0.230521	0.285089	0.329306	0.342786	0.337233	0.332795	0.326427	0.329971	0.335955	0.329277	0.329899	0.342488	0.336895	0.333333	0.326162	0.337016	0.331927	0.332053	0.339392	0.328100	0.327193	0.337091	0.322003	0.336778	0.334764	0.340900	0.341504	0.265194	0.285501	0.267267	0.312194	0.282357	0.323477	
0.331084	0.329510	0.329241	0.320172	0.324988	0.311928	0.320402	0.331926	0.311420	0.317596	0.295766	0.323688	0.278225	0.278431	0.000000	0.282585	0.307956	0.320831	0.328689	0.312801	0.321727	0.326211	0.319354	0.324046	0.335839	0.315147	0.325109	0.332558	0.322848	0.301339	0.305587	0.303390	0.274969	0.283354	0.314525	0.320731	0.322346	0.313756	0.322887	0.310547	0.335445	0.326028	0.329757	0.334740	0.327589	0.277993	0.257403	0.283496	0.289277	0.277593	0.275776	0.286155	0.325428	0.321770	0.325859	0.325205	0.314754	0.323240	0.328044	0.327301	0.320117	0.331041	0.325647	0.324156	0.320426	0.329537	0.326765	0.328349	0.329165	0.320991	0.315798	0.317926	0.318668	0.326097	0.320581	0.331458	0.333761	0.273798	0.290254	0.271878	0.316036	0.290002	0.315927	
0.327647	0.331704	0.326821	0.315515	0.318829	0.317711	0.317856	0.326360	0.307193	0.325793	0.308702	0.321092	0.198597	0.297956	0.282585	0.000000	0.310275	0.324254	0.314869	0.326804	0.322586	0.324693	0.320351	0.320513	0.332277	0.322289	0.332266	0.319250	0.328158	0.305058	0.310581	0.307342	0.287726	0.291469	0.311654	0.321261	0.317324	0.321390	0.333926	0.316815	0.331658	0.325142	0.333385	0.329404	0.326750	0.292428	0.268462	0.294109	0.298794	0.292145	0.301047	0.291070	0.333126	0.321522	0.328558	0.323484	0.319343	0.316303	0.327412	0.318287	0.325218	0.326471	0.321644	0.326191	0.318111	0.330346	0.320843	0.319769	0.320472	0.319188	0.317888	0.314763	0.322933	0.322423	0.320649	0.327644	0.325748	0.256259	0.296363	0.259403	0.310974	0.293619	0.324989	
0.305385	0.315732	0.314893	0.315878	0.320868	0.318526	0.317350	0.321882	0.293881	0.322485	0.309855	0.325821	0.304247	0.303717	0.307956	0.310275	0.000000	0.308144	0.308936	0.312305	0.301415	0.311529	0.304910	0.313758	0.321566	0.312209	0.314300	0.307824	0.309494	0.304003	0.306480	0.298571	0.307584	0.300264	0.306374	0.309795	0.319975	0.308762	0.319367	0.315675	0.321633	0.323187	0.318380	0.318688	0.313257	0.313112	0.313225	0.311215	0.305723	0.294727	0.310512	0.317515	0.318619	0.320519	0.319924	0.317119	0.315723	0.305390	0.321333	0.313078	0.327269	0.322874	0.316966	0.316521	0.308516	0.314505	0.315398	0.318426	0.326667	0.314232	0.309855	0.320684	0.302432	0.319391	0.312135	0.320247	0.320393	0.305069	0.319353	0.310549	0.309222	0.320531	0.311969	
0.331984	0.329016	0.326559	0.315168	0.311509	0.325183	0.322195	0.339127	0.314669	0.322171	0.310063	0.326476	0.316550	0.320516	0.320831	0.324254	0.308144	0.000000	0.265930	0.319346	0.324216	0.337422	0.321385	0.326759	0.347142	0.326900	0.333199	0.322820	0.327153	0.311424	0.313448	0.316027	0.317683	0.313576	0.327569	0.313558	0.321221	0.330097	0.261529	0.310982	0.334360	0.340062	0.324052	0.332385	0.332995	0.323464	0.310158	0.324712	0.319974	0.313544	0.319596	0.317068	0.334422	0.218500	0.270424	0.262525	0.272359	0.287417	0.244748	0.248790	0.271995	0.251113	0.253677	0.243287	0.254395	0.263126	0.259146	0.266586	0.253357	0.283220	0.236050	0.254597	0.302969	0.255695	0.255713	0.275826	0.235075	0.325210	0.327708	0.322574	0.319935	0.334682	0.322264	
0.329276	0.349509	0.339814	0.324309	0.328298	0.323116	0.329942	0.336616	0.321207	0.328545	0.323456	0.329088	0.315490	0.326596	0.328689	0.314869	0.308936	0.265930	0.000000	0.326420	0.331946	0.332565	0.318863	0.325351	0.344106	0.328154	0.327885	0.334979	0.329060	0.312470	0.316871	0.317242	0.322711	0.317309	0.322840	0.321994	0.319729	0.318984	0.256557	0.315125	0.344317	0.336915	0.337924	0.335565	0.332917	0.333179	0.328283	0.329216	0.318699	0.314733	0.325916	0.326669	0.336877	0.247258	0.248908	0.231359	0.257724	0.284052	0.251289	0.224547	0.264920	0.230853	0.231747	0.235422	0.251169	0.266584	0.259903	0.251211	0.237613	0.286727	0.263678	0.254732	0.278255	0.265345	0.251086	0.273004	0.255695	0.329994	0.325151	0.326158	0.316638	0.341282	0.329042	
0.233050	0.249365	0.236977	0.322158	0.326238	0.329965	0.327990	0.253881	0.319489	0.331885	0.313228	0.329590	0.319313	0.320355	0.312801	0.326804	0.312305	0.319346	0.326420	0.000000	0.268666	0.263979	0.269738	0.282878	0.253793	0.250618	0.254145	0.253135	0.260730	0.309466	0.321251	0.312153	0.315098	0.315968	0.321185	0.323302	0.329927	0.326998	0.326889	0.326581	0.244479	0.247978	0.243381	0.224073	0.236148	0.326562	0.318741	0.322931	0.318250	0.313891	0.317024	0.313974	0.237551	0.323755	0.325067	0.323552	0.321473	0.324957	0.329665	0.321529	0.327362	0.332656	0.322883	0.321107	0.320752	0.328865	0.323418	0.324469	0.329781	0.327447	0.313690	0.318104	0.320861	0.315210	0.323463	0.328549	0.326429	0.313463	0.323844	0.314502	0.320855	0.325708	0.327068	
0.265270	0.271364	0.263842	0.332277	0.321824	0.313020	0.323957	0.272727	0.302004	0.325405	0.304525	0.319005	0.320197	0.325460	0.321727	0.322586	0.301415	0.324216	0.331946	0.268666	0.000000	0.267211	0.255746	0.285101	0.266645	0.261144	0.276603	0.273512	0.271854	0.307865	0.317739	0.317558	0.319907	0.318678	0.321610	0.316408	0.324861	0.326822	0.331966	0.319895	0.271797	0.259359	0.279005	0.261923	0.251323	0.327990	0.322022	0.325355	0.326361	0.323376	0.324880	0.322758	0.255568	0.333571	0.336355	0.332309	0.328514	0.315569	0.329894	0.330022	0.336913	0.334836	0.326553	0.322701	0.324388	0.331471	0.336416	0.334324	0.332873	0.329432	0.321556	0.324689	0.325927	0.330425	0.325705	0.344037	0.337116	0.317726	0.330277	0.319921	0.317977	0.338542	0.319951	
0.266070	0.265280	0.252480	0.327866	0.324723	0.332375	0.326145	0.238019	0.314367	0.324120	0.318580	0.325943	0.328464	0.321608	0.326211	0.324693	0.311529	0.337422	0.332565	0.263979	0.267211	0.000000	0.263475	0.298006	0.257170	0.249885	0.267606	0.289413	0.245884	0.312440	0.316829	0.321350	0.324740	0.322581	0.314352	0.323318	0.320406	0.329000	0.333215	0.318517	0.242772	0.237585	0.254585	0.247559	0.263872	0.331895	0.320265	0.329988	0.324450	0.318634	0.328181	0.328001	0.236100	0.341213	0.335518	0.339886	0.336230	0.319410	0.337293	0.336436	0.336004	0.340016	0.336486	0.337921	0.332814	0.334780	0.336043	0.336980	0.337275	0.334104	0.326260	0.336076	0.331874	0.326094	0.334622	0.338811	0.341417	0.323944	0.326511	0.324144	0.319393	0.334727	0.326340	
0.281566	0.269252	0.264895	0.324804	0.326311	0.330714	0.328741	0.257106	0.302266	0.326932	0.315533	0.326605	0.315952	0.318880	0.319354	0.320351	0.304910	0.321385	0.318863	0.269738	0.255746	0.263475	0.000000	0.292872	0.276643	0.246955	0.273429	0.285317	0.252678	0.314451	0.318938	0.314001	0.319557	0.314735	0.321108	0.324269	0.333282	0.321789	0.323330	0.318161	0.259411	0.261317	0.261872	0.271466	0.274700	0.327408	0.319179	0.322696	0.317743	0.319499	0.320515	0.322507	0.260999	0.327755	0.328326	0.328560	0.322892	0.321907	0.319906	0.324984	0.321957	0.322782	0.321928	0.322836	0.326090	0.325198	0.325596	0.326370	0.332923	0.323284	0.317865	0.321551	0.318132	0.325907	0.313681	0.329133	0.325056	0.312294	0.326380	0.316074	0.323539	0.328674	0.335793	
0.288510	0.292308	0.289161	0.331099	0.326617	0.331813	0.338825	0.288747	0.317787	0.336912	0.323268	0.331363	0.322900	0.322711	0.324046	0.320513	0.313758	0.326759	0.325351	0.282878	0.285101	0.298006	0.292872	0.000000	0.293597	0.296504	0.291254	0.285385	0.285411	0.317490	0.325068	0.313101	0.330115	0.315409	0.332066	0.326688	0.330641	0.320795	0.330104	0.331081	0.288361	0.290088	0.289543	0.286975	0.297514	0.326463	0.323936	0.322367	0.315920	0.314329	0.319629	0.320402	0.289368	0.336943	0.337784	0.331358	0.331226	0.326192	0.335622	0.325809	0.329144	0.334832	0.326856	0.327643	0.329230	0.330673	0.334955	0.338456	0.341287	0.329425	0.322668	0.330171	0.323219	0.334181	0.327503	0.342619	0.335210	0.319826	0.334827	0.316008	0.331673	0.333002	0.329779	
0.241345	0.227442	0.241510	0.341675	0.334162	0.335192	0.341030	0.237596	0.323002	0.339075	0.321839	0.345936	0.333068	0.334772	0.335839	0.332277	0.321566	0.347142	0.344106	0.253793	0.266645	0.257170	0.276643	0.293597	0.000000	0.267143	0.254363	0.290461	0.264136	0.323806	0.329846	0.329362	0.329600	0.328993	0.330252	0.330798	0.337945	0.341764	0.337083	0.333651	0.222240	0.217061	0.268728	0.218965	0.226630	0.341296	0.329395	0.340351	0.341173	0.329805	0.329770	0.332071	0.226870	0.343704	0.351041	0.340527	0.345586	0.335360	0.347875	0.350649	0.350544	0.346339	0.336592	0.337598	0.340532	0.341873	0.347840	0.350565	0.339147	0.337315	0.337020	0.338356	0.341578	0.333715	0.336594	0.355356	0.352912	0.331285	0.336017	0.336849	0.329970	0.345280	0.337500	
0.248761	0.248780	0.249238	0.323080	0.332425	0.329284	0.329948	0.247748	0.313423	0.328602	0.321283	0.337734	0.318119	0.332554	0.315147	0.322289	0.312209	0.326900	0.328154	0.250618	0.261144	0.249885	0.246955	0.296504	0.267143	0.000000	0.251841	0.268680	0.247750	0.308691	0.320728	0.321192	0.332505	0.321961	0.321517	0.327022	0.329233	0.332198	0.333214	0.323643	0.239120	0.253474	0.265042	0.251126	0.256231	0.334104	0.315293	0.329681	0.321902	0.317816	0.324471	0.320685	0.241654	0.334288	0.332137	0.331185	0.335611	0.325159	0.326661	0.331316	0.336794	0.328931	0.331679	0.326679	0.331827	0.332816	0.338505	0.328746	0.330827	0.339753	0.322372	0.326657	0.330572	0.321593	0.324429	0.340793	0.329714	0.320507	0.334152	0.325991	0.331680	0.335449	0.326693	
0.234022	0.258177	0.255298	0.338945	0.333001	0.333882	0.334363	0.243721	0.318400	0.336446	0.316950	0.346267	0.326969	0.327577	0.325109	0.332266	0.314300	0.333199	0.327885	0.254145	0.276603	0.267606	0.273429	0.291254	0.254363	0.251841	0.000000	0.293164	0.258177	0.316606	0.326368	0.331527	0.327776	0.322302	0.324550	0.320736	0.335953	0.331827	0.328221	0.333173	0.249509	0.254444	0.265349	0.243409	0.263628	0.332156	0.318330	0.333655	0.329027	0.323587	0.325390	0.324538	0.244586	0.336203	0.336692	0.331520	0.341688	0.324879	0.334856	0.335487	0.339581	0.334467	0.330909	0.337901	0.337439	0.327091	0.342414	0.339675	0.334774	0.335045	0.333112	0.330690	0.322318	0.326130	0.324532	0.348234	0.340577	0.320718	0.334514	0.325444	0.336027	0.345334	0.337695	
0.255353	0.301579	0.293323	0.334265	0.333226	0.332533	0.334272	0.287490	0.313067	0.335188	0.317440	0.334016	0.319211	0.328533	0.332558	0.319250	0.307824	0.322820	0.334979	0.253135	0.273512	0.289413	0.285317	0.285385	0.290461	0.268680	0.293164	0.000000	0.296330	0.312912	0.322895	0.312411	0.324097	0.318511	0.317831	0.326483	0.334104	0.335763	0.328393	0.324861	0.279918	0.293736	0.237050	0.273350	0.290076	0.331583	0.319874	0.326789	0.326811	0.320355	0.326154	0.325239	0.290852	0.328721	0.330203	0.328974	0.328302	0.323328	0.327016	0.330949	0.332604	0.327312	0.328259	0.327439	0.327654	0.339807	0.337200	0.332707	0.331999	0.331583	0.325280	0.333489	0.327692	0.333811	0.326666	0.335768	0.337548	0.321670	0.326996	0.325151	0.332350	0.334057	0.323611	
0.250317	0.242724	0.245472	0.327902	0.331900	0.334390	0.334831	0.255795	0.313002	0.333946	0.313025	0.336868	0.324180	0.323178	0.322848	0.328158	0.309494	0.327153	0.329060	0.260730	0.271854	0.245884	0.252678	0.285411	0.264136	0.247750	0.258177	0.296330	0.000000	0.315982	0.321519	0.316168	0.325632	0.321298	0.330733	0.325874	0.326313	0.327907	0.331743	0.323018	0.258467	0.231637	0.279657	0.244335	0.238147	0.328443	0.322313	0.327826	0.318698	0.327013	0.328274	0.318058	0.230234	0.335227	0.338392	0.328715	0.334104	0.324204	0.331318	0.334359	0.335079	0.330714	0.328872	0.331748	0.329828	0.334922	0.332556	0.331318	0.333080	0.339749	0.329907	0.329176	0.325939	0.332232	0.321668	0.342083	0.335128	0.325470	0.331224	0.324482	0.328363	0.333845	0.326298	
0.314519	0.320794	0.318712	0.312043	0.312865	0.311399	0.318189	0.322765	0.296528	0.314773	0.302477	0.323193	0.298991	0.322323	0.301339	0.305058	0.304003	0.311424	0.312470	0.309466	0.307865	0.312440	0.314451	0.317490	0.323806	0.308691	0.316606	0.312912	0.315982	0.000000	0.202326	0.209798	0.305960	0.297630	0.204418	0.304369	0.311004	0.310434	0.330138	0.322099	0.321170	0.315062	0.314424	0.321070	0.311140	0.313363	0.307471	0.309041	0.301099	0.301149	0.309413	0.312668	0.323275	0.308372	0.324390	0.325537	0.316856	0.308762	0.325846	0.317057	0.331259	0.332793	0.321878	0.325229	0.315755	0.322097	0.319603	0.327628	0.329809	0.311647	0.309857	0.315117	0.302265	0.308061	0.317787	0.331634	0.325647	0.298875	0.319221	0.310444	0.305704	0.328385	0.312340	
0.327586	0.332458	0.318869	0.319830	0.315658	0.306409	0.313846	0.327644	0.306079	0.307815	0.305610	0.313230	0.310955	0.322569	0.305587	0.310581	0.306480	0.313448	0.316871	0.321251	0.317739	0.316829	0.318938	0.325068	0.329846	0.320728	0.326368	0.322895	0.321519	0.202326	0.000000	0.177430	0.309979	0.310735	0.218248	0.307380	0.309619	0.312119	0.323040	0.313188	0.337251	0.318606	0.327672	0.328873	0.317124	0.312880	0.316108	0.319731	0.309876	0.299576	0.317666	0.322967	0.322419	0.317001	0.313745	0.318269	0.325346	0.308545	0.317931	0.312681	0.318397	0.325012	0.313836	0.317570	0.318703	0.306716	0.316907	0.318994	0.318725	0.312739	0.309592	0.306257	0.309659	0.311876	0.305551	0.327994	0.318167	0.305983	0.314796	0.313478	0.302187	0.325958	0.313106	
0.325463	0.322766	0.319566	0.310929	0.311053	0.308133	0.311740	0.320963	0.297416	0.308824	0.296990	0.315603	0.300897	0.311715	0.303390	0.307342	0.298571	0.316027	0.317242	0.312153	0.317558	0.321350	0.314001	0.313101	0.329362	0.321192	0.331527	0.312411	0.316168	0.209798	0.177430	0.000000	0.306002	0.306396	0.220789	0.302437	0.317300	0.315631	0.320517	0.311938	0.329677	0.322539	0.324564	0.326111	0.314144	0.314493	0.310413	0.314900	0.310456	0.298949	0.312065	0.316051	0.320160	0.321914	0.315865	0.324418	0.317813	0.314759	0.320173	0.315815	0.324012	0.331476	0.325183	0.317649	0.321890	0.323077	0.318102	0.323407	0.329395	0.306770	0.313215	0.308450	0.311001	0.320681	0.309175	0.329739	0.327288	0.299712	0.308646	0.306551	0.303574	0.319493	0.308634	
0.327135	0.333456	0.325544	0.327745	0.314332	0.315179	0.315931	0.330888	0.312710	0.322058	0.307936	0.310547	0.281439	0.279082	0.274969	0.287726	0.307584	0.317683	0.322711	0.315098	0.319907	0.324740	0.319557	0.330115	0.329600	0.332505	0.327776	0.324097	0.325632	0.305960	0.309979	0.306002	0.000000	0.275039	0.308159	0.321304	0.316664	0.318743	0.326240	0.316607	0.326605	0.323497	0.326668	0.321395	0.320844	0.290980	0.271804	0.283092	0.277778	0.290996	0.283263	0.291403	0.325504	0.329702	0.328758	0.330748	0.320000	0.317883	0.329912	0.324036	0.322486	0.331607	0.324714	0.325988	0.317860	0.326186	0.321728	0.324696	0.326556	0.316739	0.320288	0.320364	0.324013	0.322132	0.320761	0.324274	0.331080	0.272584	0.290280	0.263434	0.314035	0.287588	0.327354	
0.321292	0.337865	0.328203	0.318512	0.320724	0.314195	0.324590	0.335374	0.296808	0.321159	0.296059	0.318403	0.283589	0.284279	0.283354	0.291469	0.300264	0.313576	0.317309	0.315968	0.318678	0.322581	0.314735	0.315409	0.328993	0.321961	0.322302	0.318511	0.321298	0.297630	0.310735	0.306396	0.275039	0.000000	0.313885	0.315139	0.310589	0.309785	0.317260	0.319828	0.337366	0.335540	0.330505	0.332712	0.327632	0.284924	0.300035	0.283359	0.191864	0.263050	0.303637	0.261521	0.335879	0.320086	0.323406	0.321582	0.316320	0.317893	0.333853	0.316262	0.327574	0.326974	0.322546	0.325610	0.320834	0.323329	0.324367	0.325788	0.331392	0.318769	0.315108	0.323260	0.318196	0.325887	0.323794	0.328930	0.330253	0.296054	0.276183	0.310137	0.315651	0.282760	0.320544	
0.328732	0.331942	0.331348	0.319463	0.318920	0.313860	0.323520	0.332255	0.304029	0.321677	0.303577	0.328504	0.315035	0.323895	0.314525	0.311654	0.306374	0.327569	0.322840	0.321185	0.321610	0.314352	0.321108	0.332066	0.330252	0.321517	0.324550	0.317831	0.330733	0.204418	0.218248	0.220789	0.308159	0.313885	0.000000	0.308476	0.317712	0.318302	0.325885	0.319303	0.327175	0.323814	0.327493	0.331929	0.322913	0.315993	0.318985	0.311737	0.314846	0.300521	0.319337	0.315610	0.331297	0.320363	0.321591	0.328818	0.324778	0.314988	0.320852	0.321984	0.330535	0.334892	0.326141	0.325895	0.322611	0.321884	0.321255	0.333333	0.329432	0.319326	0.321324	0.314668	0.310815	0.316953	0.320852	0.332767	0.320051	0.310853	0.312838	0.318509	0.311577	0.323621	0.322536	
0.316064	0.331433	0.326137	0.277360	0.173275	0.256078	0.265937	0.336505	0.313126	0.276786	0.314131	0.270374	0.319562	0.321749	0.320731	0.321261	0.309795	0.313558	0.321994	0.323302	0.316408	0.323318	0.324269	0.326688	0.330798	0.327022	0.320736	0.326483	0.325874	0.304369	0.307380	0.302437	0.321304	0.315139	0.308476	0.000000	0.273226	0.277498	0.320601	0.257067	0.333868	0.335049	0.331026	0.326686	0.329789	0.317062	0.321986	0.318196	0.319824	0.309348	0.318132	0.327189	0.332433	0.331484	0.322115	0.315822	0.322999	0.309467	0.317046	0.328073	0.318064	0.330277	0.319350	0.327356	0.318470	0.317931	0.326764	0.322884	0.322803	0.318160	0.319058	0.328858	0.319274	0.332150	0.327437	0.331377	0.320117	0.317306	0.308447	0.323105	0.256733	0.329288	0.265608	
0.331680	0.348117	0.335847	0.248933	0.281070	0.257607	0.253973	0.345106	0.320235	0.252812	0.315328	0.252197	0.324004	0.315135	0.322346	0.317324	0.319975	0.321221	0.319729	0.329927	0.324861	0.320406	0.333282	0.330641	0.337945	0.329233	0.335953	0.334104	0.326313	0.311004	0.309619	0.317300	0.316664	0.310589	0.317712	0.273226	0.000000	0.243131	0.326153	0.250844	0.347662	0.339023	0.336787	0.341676	0.339620	0.313463	0.320014	0.309616	0.310356	0.312757	0.315138	0.318248	0.342755	0.325404	0.323341	0.321664	0.324375	0.314596	0.323961	0.322676	0.322534	0.326134	0.319020	0.322965	0.313533	0.324492	0.328113	0.318168	0.323656	0.314946	0.325943	0.331677	0.315139	0.328204	0.329096	0.332597	0.328013	0.319305	0.311224	0.329035	0.260836	0.318027	0.254551	
0.324677	0.337218	0.329995	0.250093	0.276206	0.246635	0.260502	0.336685	0.322792	0.269785	0.312746	0.256346	0.324094	0.315694	0.313756	0.321390	0.308762	0.330097	0.318984	0.326998	0.326822	0.329000	0.321789	0.320795	0.341764	0.332198	0.331827	0.335763	0.327907	0.310434	0.312119	0.315631	0.318743	0.309785	0.318302	0.277498	0.243131	0.000000	0.324067	0.248456	0.343428	0.338851	0.332556	0.339909	0.340082	0.319584	0.322382	0.321784	0.311426	0.307240	0.325864	0.321516	0.337162	0.331899	0.325275	0.320198	0.330467	0.313447	0.331917	0.320575	0.322657	0.331979	0.326881	0.331726	0.330717	0.326206	0.326662	0.331760	0.330912	0.319895	0.318611	0.328964	0.319119	0.331951	0.330201	0.329577	0.335206	0.318046	0.325152	0.326497	0.265246	0.338785	0.252309	
0.330498	0.324803	0.335076	0.327678	0.327763	0.327833	0.334711	0.336298	0.328545	0.336733	0.320102	0.330292	0.329238	0.334363	0.322887	0.333926	0.319367	0.261529	0.256557	0.326889	0.331966	0.333215	0.323330	0.330104	0.337083	0.333214	0.328221	0.328393	0.331743	0.330138	0.323040	0.320517	0.326240	0.317260	0.325885	0.320601	0.326153	0.324067	0.000000	0.322230	0.350932	0.347036	0.341931	0.343187	0.338683	0.331666	0.324074	0.323487	0.329233	0.321500	0.320014	0.323612	0.339253	0.233158	0.240951	0.244811	0.275300	0.289969	0.209474	0.227939	0.257818	0.233029	0.220357	0.225950	0.273201	0.271556	0.277446	0.262930	0.249112	0.295827	0.255327	0.269659	0.300994	0.268921	0.240376	0.270727	0.262054	0.329646	0.330000	0.332773	0.326286	0.335128	0.326592	
0.327680	0.335569	0.331514	0.239918	0.253357	0.245581	0.234351	0.336130	0.315053	0.239772	0.311747	0.242989	0.321950	0.315165	0.310547	0.316815	0.315675	0.310982	0.315125	0.326581	0.319895	0.318517	0.318161	0.331081	0.333651	0.323643	0.333173	0.324861	0.323018	0.322099	0.313188	0.311938	0.316607	0.319828	0.319303	0.257067	0.250844	0.248456	0.322230	0.000000	0.327766	0.325898	0.328905	0.329393	0.334892	0.311970	0.317532	0.317852	0.312894	0.307389	0.313774	0.313611	0.329950	0.322381	0.320175	0.315039	0.318274	0.308826	0.322349	0.325581	0.307664	0.323242	0.328839	0.324830	0.319931	0.319901	0.327751	0.316406	0.316662	0.317734	0.305066	0.322370	0.317302	0.328730	0.316052	0.323494	0.317536	0.321339	0.305251	0.325221	0.235785	0.326164	0.217451	
0.234940	0.216614	0.206315	0.337205	0.336616	0.342221	0.346665	0.207944	0.313821	0.340550	0.325432	0.348219	0.326717	0.334806	0.335445	0.331658	0.321633	0.334360	0.344317	0.244479	0.271797	0.242772	0.259411	0.288361	0.222240	0.239120	0.249509	0.279918	0.258467	0.321170	0.337251	0.329677	0.326605	0.337366	0.327175	0.333868	0.347662	0.343428	0.350932	0.327766	0.000000	0.170053	0.252910	0.177221	0.187194	0.343371	0.327623	0.343913	0.336553	0.329296	0.331170	0.345695	0.185895	0.341958	0.350950	0.336789	0.336460	0.331798	0.343770	0.336084	0.345953	0.344416	0.336774	0.338881	0.337530	0.341007	0.344115	0.340269	0.338935	0.342799	0.336872	0.339740	0.335894	0.333549	0.338930	0.351365	0.338019	0.334347	0.339859	0.331051	0.334814	0.343052	0.341066	
0.238852	0.188756	0.195602	0.338954	0.343163	0.339567	0.340138	0.228444	0.318522	0.335766	0.320509	0.342797	0.325059	0.333944	0.326028	0.325142	0.323187	0.340062	0.336915	0.247978	0.259359	0.237585	0.261317	0.290088	0.217061	0.253474	0.254444	0.293736	0.231637	0.315062	0.318606	0.322539	0.323497	0.335540	0.323814	0.335049	0.339023	0.338851	0.347036	0.325898	0.170053	0.000000	0.265959	0.179019	0.156161	0.337079	0.322414	0.339626	0.337117	0.331602	0.327778	0.338075	0.166561	0.346634	0.341683	0.335227	0.338872	0.326326	0.331195	0.337424	0.338441	0.341210	0.333971	0.333439	0.336535	0.334449	0.335856	0.332958	0.336173	0.342151	0.332445	0.335671	0.332262	0.330130	0.329152	0.347261	0.337588	0.323047	0.341783	0.321847	0.334077	0.341285	0.337531	
0.248397	0.273008	0.267010	0.336828	0.334514	0.337558	0.341341	0.262793	0.313916	0.335555	0.321372	0.334651	0.323448	0.322464	0.329757	0.333385	0.318380	0.324052	0.337924	0.243381	0.279005	0.254585	0.261872	0.289543	0.268728	0.265042	0.265349	0.237050	0.279657	0.314424	0.327672	0.324564	0.326668	0.330505	0.327493	0.331026	0.336787	0.332556	0.341931	0.328905	0.252910	0.265959	0.000000	0.242344	0.254645	0.329618	0.317432	0.328113	0.331444	0.322125	0.330744	0.336692	0.257071	0.330854	0.337668	0.339707	0.343258	0.327046	0.333909	0.334632	0.344992	0.343218	0.334684	0.332867	0.337404	0.331517	0.333648	0.340820	0.344844	0.340501	0.325793	0.329226	0.339403	0.332377	0.326649	0.344939	0.335471	0.321081	0.329880	0.317996	0.333645	0.336962	0.333385	
0.203957	0.175521	0.208212	0.344185	0.335171	0.339199	0.338180	0.227973	0.318167	0.333541	0.321214	0.344466	0.324576	0.333576	0.334740	0.329404	0.318688	0.332385	0.335565	0.224073	0.261923	0.247559	0.271466	0.286975	0.218965	0.251126	0.243409	0.273350	0.244335	0.321070	0.328873	0.326111	0.321395	0.332712	0.331929	0.326686	0.341676	0.339909	0.343187	0.329393	0.177221	0.179019	0.242344	0.000000	0.184832	0.334008	0.321088	0.335986	0.335347	0.324717	0.324683	0.332678	0.180566	0.344761	0.338061	0.340112	0.334641	0.325016	0.333018	0.331295	0.346939	0.340138	0.331609	0.329737	0.337848	0.337618	0.339557	0.337917	0.337936	0.333904	0.330057	0.336312	0.333649	0.330183	0.327527	0.337339	0.339942	0.329536	0.333333	0.331847	0.330408	0.344752	0.335036	
0.237595	0.181256	0.208880	0.335724	0.341511	0.338947	0.339984	0.241289	0.315832	0.341418	0.321972	0.345510	0.324080	0.326769	0.327589	0.326750	0.313257	0.332995	0.332917	0.236148	0.251323	0.263872	0.274700	0.297514	0.226630	0.256231	0.263628	0.290076	0.238147	0.311140	0.317124	0.314144	0.320844	0.327632	0.322913	0.329789	0.339620	0.340082	0.338683	0.334892	0.187194	0.156161	0.254645	0.184832	0.000000	0.331512	0.326318	0.340009	0.326448	0.323957	0.331036	0.334426	0.187098	0.334138	0.341872	0.331726	0.335171	0.328304	0.328328	0.335483	0.345870	0.338110	0.327258	0.327270	0.331280	0.336840	0.335186	0.334918	0.334837	0.339369	0.331638	0.330137	0.331538	0.326478	0.319152	0.346121	0.334465	0.326514	0.337149	0.324020	0.331397	0.341647	0.333696	
0.329538	0.338598	0.339174	0.319880	0.324976	0.317229	0.315073	0.345874	0.315463	0.318708	0.301269	0.320170	0.293502	0.291001	0.277993	0.292428	0.313112	0.323464	0.333179	0.326562	0.327990	0.331895	0.327408	0.326463	0.341296	0.334104	0.332156	0.331583	0.328443	0.313363	0.312880	0.314493	0.290980	0.284924	0.315993	0.317062	0.313463	0.319584	0.331666	0.311970	0.343371	0.337079	0.329618	0.334008	0.331512	0.000000	0.286314	0.207077	0.294430	0.298104	0.291396	0.270349	0.338599	0.325749	0.331509	0.327027	0.328093	0.318500	0.335681	0.323749	0.327316	0.335564	0.332143	0.331732	0.329847	0.326499	0.332967	0.322682	0.331025	0.325664	0.323000	0.326486	0.325975	0.333758	0.332903	0.334070	0.330563	0.281642	0.216775	0.291544	0.312015	0.201632	0.316209	
0.320851	0.328410	0.327286	0.311884	0.318463	0.315184	0.326606	0.323497	0.311396	0.325455	0.308157	0.325478	0.281283	0.257596	0.257403	0.268462	0.313225	0.310158	0.328283	0.318741	0.322022	0.320265	0.319179	0.323936	0.329395	0.315293	0.318330	0.319874	0.322313	0.307471	0.316108	0.310413	0.271804	0.300035	0.318985	0.321986	0.320014	0.322382	0.324074	0.317532	0.327623	0.322414	0.317432	0.321088	0.326318	0.286314	0.000000	0.269426	0.298938	0.301904	0.260695	0.278706	0.323044	0.314999	0.322815	0.314963	0.319471	0.319313	0.325697	0.322410	0.322893	0.325880	0.322609	0.325361	0.320234	0.331164	0.327173	0.324156	0.327165	0.326684	0.315654	0.320042	0.311225	0.329763	0.322621	0.326493	0.328679	0.231094	0.278090	0.207493	0.312181	0.282483	0.319896	
0.334510	0.336737	0.332743	0.319723	0.322067	0.321417	0.320796	0.336784	0.314505	0.326572	0.304252	0.323344	0.295514	0.281515	0.283496	0.294109	0.311215	0.324712	0.329216	0.322931	0.325355	0.329988	0.322696	0.322367	0.340351	0.329681	0.333655	0.326789	0.327826	0.309041	0.319731	0.314900	0.283092	0.283359	0.311737	0.318196	0.309616	0.321784	0.323487	0.317852	0.343913	0.339626	0.328113	0.335986	0.340009	0.207077	0.269426	0.000000	0.281281	0.298718	0.292823	0.256092	0.334013	0.324292	0.329003	0.333898	0.325491	0.323895	0.326908	0.328560	0.333760	0.331567	0.328405	0.327795	0.329840	0.330328	0.329562	0.324608	0.332049	0.329832	0.324452	0.330530	0.316136	0.329140	0.338608	0.332256	0.328267	0.278170	0.210655	0.275012	0.319801	0.187895	0.320694	
0.325501	0.336268	0.329016	0.323447	0.323707	0.307758	0.325135	0.339725	0.302432	0.321090	0.291308	0.317447	0.295560	0.285109	0.289277	0.298794	0.305723	0.319974	0.318699	0.318250	0.326361	0.324450	0.317743	0.315920	0.341173	0.321902	0.329027	0.326811	0.318698	0.301099	0.309876	0.310456	0.277778	0.191864	0.314846	0.319824	0.310356	0.311426	0.329233	0.312894	0.336553	0.337117	0.331444	0.335347	0.326448	0.294430	0.298938	0.281281	0.000000	0.261536	0.300365	0.266520	0.336422	0.331192	0.328673	0.330407	0.323845	0.317199	0.329169	0.320000	0.335884	0.336853	0.327203	0.331496	0.317823	0.326814	0.335415	0.338332	0.332560	0.322479	0.312719	0.327306	0.317815	0.333277	0.329941	0.335177	0.335831	0.299495	0.285168	0.316293	0.315693	0.284454	0.320680	
0.318331	0.328436	0.319960	0.308118	0.310811	0.314903	0.315435	0.334936	0.306916	0.312322	0.295261	0.319794	0.279572	0.292562	0.277593	0.292145	0.294727	0.313544	0.314733	0.313891	0.323376	0.318634	0.319499	0.314329	0.329805	0.317816	0.323587	0.320355	0.327013	0.301149	0.299576	0.298949	0.290996	0.263050	0.300521	0.309348	0.312757	0.307240	0.321500	0.307389	0.329296	0.331602	0.322125	0.324717	0.323957	0.298104	0.301904	0.298718	0.261536	0.000000	0.297812	0.252343	0.329857	0.335457	0.337016	0.317258	0.324199	0.311525	0.333120	0.325900	0.323117	0.327429	0.323202	0.322222	0.326668	0.321241	0.327974	0.321572	0.329547	0.315789	0.312926	0.321127	0.311489	0.319128	0.334212	0.322469	0.332408	0.297488	0.298114	0.303804	0.299395	0.301776	0.304936	
0.333494	0.334854	0.325375	0.325838	0.323198	0.320597	0.319009	0.327226	0.314833	0.320565	0.308092	0.321231	0.298751	0.230521	0.275776	0.301047	0.310512	0.319596	0.325916	0.317024	0.324880	0.328181	0.320515	0.319629	0.329770	0.324471	0.325390	0.326154	0.328274	0.309413	0.317666	0.312065	0.283263	0.303637	0.319337	0.318132	0.315138	0.325864	0.320014	0.313774	0.331170	0.327778	0.330744	0.324683	0.331036	0.291396	0.260695	0.292823	0.300365	0.297812	0.000000	0.294203	0.336108	0.327673	0.326483	0.328913	0.321730	0.322163	0.326114	0.315322	0.318207	0.330474	0.329285	0.330847	0.325512	0.329187	0.326572	0.332339	0.335957	0.315798	0.312459	0.324758	0.318474	0.321975	0.322403	0.332426	0.333013	0.265809	0.296606	0.277514	0.316428	0.300419	0.319686	
0.331706	0.329654	0.330976	0.320766	0.323137	0.318668	0.324462	0.336052	0.314063	0.330416	0.305249	0.324342	0.285346	0.285089	0.286155	0.291070	0.317515	0.317068	0.326669	0.313974	0.322758	0.328001	0.322507	0.320402	0.332071	0.320685	0.324538	0.325239	0.318058	0.312668	0.322967	0.316051	0.291403	0.261521	0.315610	0.327189	0.318248	0.321516	0.323612	0.313611	0.345695	0.338075	0.336692	0.332678	0.334426	0.270349	0.278706	0.256092	0.266520	0.252343	0.294203	0.000000	0.337549	0.328109	0.340450	0.329353	0.330502	0.322213	0.339142	0.328008	0.334477	0.342526	0.331215	0.332520	0.325303	0.331486	0.335035	0.334099	0.333764	0.321353	0.317872	0.324677	0.320039	0.328455	0.336812	0.335083	0.339651	0.286650	0.284601	0.293209	0.320899	0.276623	0.321538	
0.220553	0.169421	0.214251	0.342841	0.336589	0.343933	0.343011	0.237738	0.328814	0.340486	0.318615	0.344684	0.328647	0.329306	0.325428	0.333126	0.318619	0.334422	0.336877	0.237551	0.255568	0.236100	0.260999	0.289368	0.226870	0.241654	0.244586	0.290852	0.230234	0.323275	0.322419	0.320160	0.325504	0.335879	0.331297	0.332433	0.342755	0.337162	0.339253	0.329950	0.185895	0.166561	0.257071	0.180566	0.187098	0.338599	0.323044	0.334013	0.336422	0.329857	0.336108	0.337549	0.000000	0.349503	0.340513	0.333801	0.333543	0.329134	0.338352	0.340365	0.344796	0.343952	0.332966	0.335062	0.332278	0.336797	0.340909	0.342013	0.341646	0.341360	0.331140	0.335697	0.335502	0.326517	0.327716	0.344536	0.336032	0.327882	0.341597	0.324378	0.334382	0.341191	0.342404	
